1111111111 uu 1111111111. 575

811111111111111111,17811114 Caeruleo 111111 1111117111,
1111 81111117111111, 488, 4. 118, 15.

’ ᾗῖἷζιξῖ 4414815’1’1Ἧ14541“1“144141 ἒιῗῖἶαξιῗῗέιέι. 11711111, 174.
Β111111171111.111111,186,3. 187, 19. calici· 11111 17111 111, 417, 41.
11111111111111 71111171 1, 51, 8, eanimurum 11111 cubiculi pro·
817111111 astronomus 1, 55, ³. 0111111011194. 15·

1117111111117111111 1, 177, 17. 88111111111111111 1111111111 11·
6111111111 Odrysarum 1771111111 741111, 36, 1. ·
1, 31413. 117. 115, 191177. 317, 011111711Ιί1 urba 1111111 et mari-
16. 8111111111 1111111111 ,485, uma 1,14, 17. 477, 8 11. 483,
19. 488, 7. ’ (411119, 1.1111111111111,476,
131111111111111 1· 1111111111111
1 1 ⁸
nuru 111111,136,11. 311, 4. 178, 11.
11111 11, 111. 11. 111111 aurea (1111171111 11111 111111171111111,
111111111111, 311, 11. 119, 477, 8.
11. 6111111111 1111181111119117111-
Burguudi tornamentorum 1111111111 11 71111111111 constantinopo-
1, 115, 11. “ liunus 16111. 1711111111 uugi
Butzunir 1 71111111 Τ11111111111111 ab 111 111111171111111111,168,9
captum 4, 418, 16. ’ 1711 1 port 111 oratorem 1111-
87111111111, 16, 18. 3614 13711, 11111111 111, 171, 13. (111111111-
111. 191, 4. 1189 11717. 111, 15. 1111 117111111111111111111111111
31417. munia 11 1111 1, 511, 111111. pacem 1111 111, 147, 16.
118711111111171114111111111· 151, 17. negat matthaeum 111-
11111111, 187 , 1. 871111ῑί1111 71111111111117111111181111,
1111111111,411, ¹9· Byzantina 18. 11 thronum 1111111111 111,
regio frequentibus 111111 11- 171, 11. 319, 14. 1111111111-
111111111111 11 11 solitudinem ΛΜΝ 111 lituum dicmllls 313.
redacta 11, 518, 11. 519, 6. 17.11111111111111111111111111-
Byzantium 11171111 11111 11 menta 11111111 111, 357, 6. 1171-
1111111111, 549, 4. megaera 1. tur 111 8111111111 11 , 861, 11.
Ρ1111111911111171111111111,188, 0¹⁰³ m⁰r⁸ 111, 361, 13.
11111111 1711111811 1111111111 canone 1111111111 11111111.
111, 188,13. 87111111 111111- 11479, 7465114.
111111 111, 218, 13. ''Y’ 15, calochaererea gregarius, tabena-
Byzantiorum 11111111111 1181- 11111, 116, 11. 119, 6. 131.
1111111 111, 117, 7, m eon. 11.
1111111171111. , 61171ὴέ1171 1171311ἒ7 86111111871,
1 0 Ι Ι 0
01116151141141111111111 11, 553,
Cabrllrriuur oppidulum ’1111111- 1ο. 18111111111111171111111111
11111111,418.18. 111, 311, 14. 711177111111111111

011111111111,111,19.114.8. . 1111111111,811,16.

0111111111 1111111 11111111 11 , 445. 81111111 proditor constantinopo-
3. 1111111111 1111111111 praefectur 11111, 191, 1. 195, 8. 811, 7. ¹
111,171, 18 11881111111181- 8111111111811.115,1.
11111111. 6111111111ἰοί 1 111111 impera-

Cabruea 1111111111 1111111111 Tri· · 1111 (1111111111,447,1
111111111, 31614 enucleam 1, 67, 15. ligant.

cadumum 1117111 1111111, 419, 11.

7.11, 4777. . canina 1111111111,491,6.17.

 

