610 ’ 1101100101

51 quidem, 110 101001, genus lo· · 5911101101 811ιο010901 1, 411, 7.
- 900011011191100111111,387,15. oppidorum 601011101101110110 3
5111111001 1110 10111,111000011101 re· praefectus 1, 451, 10. consiliarius
gis, 111101, 010111, 19, 16. 110- imperatoris l, 4546. 5719111000
moui 11090111 supplex 11, 11,10. occidit l, 456,11. 1119101 1111- ζ
Alexandri, 10911Μο0101001, ho· 109011110111 01011011,457, 11. ἶ
otis 11, 51, 7. 1110101011 ropetitur interiit 1, 515, 16.
11, 54, 1. defenditur 11, 55, 1. 5910011100 11011111 139, 4. 11114,
Smyrna 011111, 470, 15. 11, 388, 10001. =
17.384,1.11. 5071010901- 5900110011001111011,587, 18 4
101 01111011 0001191101 11, 410, 511910111011010’110111111114741
1. 9110111110 ub 110 10001111· 511111101οτ00 09911011014544,
11, 410, 6. 51117101 11111011 ex· 11, 855, 9· 0111011010 111, 130, 4.
11101111111011 ⁵⁶:3¹uili.·:llut⁵uu
1 1 · · 1 1 · · 1
5107100010 1010910111 1001109011- 101011 regi, 60111101 11, 401, il
10110111 11, 581, 18. 11. 407, 1.
50110111111, 157, 14. stephaniam 1000111411,17.
50101 1, 198,11. ibiq. 10001. 511911001611101’1111111010119111-
801111111νί0 1, 545, 18. 1011111ἰί 00911, 35, 17.418,151 11100
exagitati 1, 544, 6. 546,16. 1101111111 populabundus 10010111
Solium imperatorium 1, 16, 10. 11,79,10.1111111111111111,154,5
1011109110090101111,197,13. 5109111001 dux Triballorumll,
5010011101 111, 87, 1. 360, 8. 361, 5.
Sophiae, Dei Verbi, templum l, 5109111001 0111171111, 1418.
60, 3. 196, 10. 117, 13. 11913. 5111111101 111111 Moesorum 1, 17110
551, 8. ll, 15,11.11,9 500, 16. 11, 699. 410, 9.
1117.. 'lpkppkuosippm templum 1711110111, 61, 8. 4
0171011111, 497, 11.18. Sophiae 5101001101ιο 091100901001111. 4
templum 111111111111111,541,1ο. 11. diaconorum 1, 1981170·
5090101 09 idum 1, 509, 14. 1111101111001 0109110090101111
50101 0991 ulum 1, 454, 4. 11, 355, 557, 9.
, 9· 454, 4. Stragula 001111 10190111011115691
50100101110110111 111, 180, 4. 17. 11, 555, 11.
Σῶστρα l, 515, 1. 511110911ιο claviger 11, 579, p
Σωτήρια Ι,516,17. 1010111 1 Ga· 5111109111,111110011101111795.
1111011 0010111111 111, 78, 1. streaouimerus 11700111 110005
Sozopolis 1111911 0190901011111111 175, 15. 4
ad PontumEuxiuum 11111, 316, 51101101 castellum 111, 13015»
9.341,1.11,498,14. 501090- 511101191111 1110 5110111101 (l,
1100 1090100109011110111111111 184, 14.) 0111111111006011111· l
¹¹¹, 2¹5, 6. sozopoli· 01911 111, 10914. oppidum 1000101000
²¹5, ¹3· lq· 50109011ῑὶ1 tributu 1, 184, 14. culi eoucmonll
10101110 111118, 19. 156, 6.
591100011 8900100111 11100101 11, Strymon 111111011,167,16.5184
1004· 111,116,15. vici 01100 sup
5910090101 u 1110100111 11, 99, 1. monem 110011οἰ1 1111011911 lll·
591100111111111101111001010111 rex 1, 156, 3.
131 6. 104,4. 10818. 01010111- 519911 1911114616.
t1¹⁸12169‚uo. 1101111001 10110- 5171111001 oppidum 11, 415116·
menler 11111111 1, 464, 6. Suggestus 1000111, 173.6 ,
5910101101 dux 1010160110111, 405, 5041114100 711111ιί1 1111190158
Η· »l ι1 ι1·

1110101011101· 51190011101011 publicem 010

 

