⁵9⁰

171, 1· h 1111111111 1111117111
11111111. 111, 16. Moesorum
miliani! 11111111,191,5.’
1111111 1 11111 1111111111 11,
515, 7. 1111111111111191,
11111111 1111111111, 611, 18.

1111111111 ’

1111111111, 173, 16. 1111-
111111 1111111111 fingor· 1111.
comparantur 11111111 111, 171111.
ζέεὲᾞᾙξέἒξὲἱῖἱ
² 1· ¹⁹·

11111111 11111111 111, 17, 1. 11111- 1111111111111 6111111111Ι 1, 111,

111 populata 111, 311, 9. 116, 3.
moal 1111111111 1111 1111 111,·
161, 9, 1111111 cummanum
conducti 111, 117, 1. 1111111111.
111, 13. 111111 11111 11111111·
' 11111 111, 151, 1. 11111111 snu-
111111111111,179,1. Mosei
1111 11111111 domandi 111, 199. 7.
11111111 1,111,11. 1111. 11111.
1111111111 111111111111 11111711
111111111111, 111, 11, 11111 mo-
111ι ’.1111111111 111111
· 16. 1111111111 1111111111, 11111.
11111111111111111,111, 11, 11-
11111111111 11, 131, 11. despo-
11111 11 1111111111, 11111. 11-
11711111111111111111111, 117, 7.
legato· 1111111111,171,1ο. 11111
7111111111 11, 131, 11. 11111 1111..
1111111111, 111, 1ο. 11 pugna
111111 115111 13. 11111 111111111-

11 11, 131, ¹8-

⁴ monachismus 1111 amabilium&

6. monachorum incaelo 1111-
111111111,111,1. monachorum
11111111 1,· 116, 7. 1111111111 1,
1117, 11. monachorum 11711
111111111111551, 1111111111
111111111111111 1111111 numini· 11,
61, 1. 1111111111 1111111 11111-

111111 11111111 11, 111, 11111·
71111 1111111111 1111111 111111Ι

11111111111,191, 16. monachi
1111111 sanctimonia 71111111111
11, 119. 1. 1111111111111111
1111117111 711111 11111111111,
. 161, 19. 1111111111 imitati 1111-

111111 11,.113, 5. 111111111111

711111 61111111, 11111111111
111111, 131, 1. 111171111111.
1111 11 Tho-doum 1, 16111
1111111111, 111, 15. 1711
Sueten 11111111111,516,3. ιυ-
11111111111111 11111111 ,11111 1,
111111111111111
111111 (11111111 11111111 phem
111131. 1111111111..
,111111 111111
111111111111111
11 ,11,1.

. 11111111111111111111 1111111 11

1111111111, 111, 11. 1111111111
01111111 Servatum 11 1111111111.
1911. monaterii· indictae 111·
11111,517,18.1111111111111111 11-
71111, 517, 18. nom-terii· 1111-
1111171111 1111111 edicto 511111-
111 vide 1111111111111. 11111-
uterium 1111111111 111, 116,1.
S· 1111111111 vido 1111111. 111-
nasterium 111 1111111111 vide
11111111111. 11111111111111-
diti 1111111111 1111111 111,111,
13· 111111111111111 Christi 11 11-
sione 111111111111,171,1. 11111·
11111111 1111111111 1111811171-
dium. 111111111111171111111 nih
Byzantium. 111111111111 111ι,
nune 111111111111111 111, 311,
17ἰὶ 1111111111 11 mm 111.
1 ο.

1111111111, 516, 9. 1111111111 de- 111111ῐί111 1111111111, 119, 11. 161.

11111 1111111 11, 511, 8. 11111-
111 1111111 1111 11, 111, 7. 111-
1111111 speculatorii, 517. 11.

ιο, 1111. 111, 1. 111, 11. 11.
1111111111ῗὶζὼ

1111111111 7111111711 indicta 111- 1111111 11, 1

11 1111111111,611,11.11111- nonan 111 18111111 caninum

1111111111 11111111 11111111111 111ό

dux 111, 111, 15. ’

munti 111, 171, 1. 1111111111 11111111 7111111111 11111 gem·

 

