600 11111 1111111 ·

, 1111161111111111111,531·, 14, ’1. pro 111111 1111111111..
911111111111111 dignitate con· 111, 131, 11. 11111111 repectit
decoratur 1, 53413. 1111111111 134, 7. 11 11111111111111111,
111111111111 11 Peloponneso 11, 13.

75,13. 1111911111 illi puero 1111 1111111111 711111111111111191111111
(1111111111111111111,195,5. ,179 3. .,
1111 0111111111ιί 11, 311, 15. 111111118111111671111111111
11171111(1111911111111,33,3. 1111111119 1
imperatorem 11 discrimen con· Nicomedia orbo 111111 11 1119111
11111 111 , 65, 11. urbium Thra· 1, 416, 13. 447, 11911111.

4 {inrum ετ1ἕ117711113111, 11 '¹1 '’hl’‘ ἓ,ι13.111111111111771111177791ἑ
..11111 ..11,1. 113111 ,1.1.. ι,’ 1115 111111, 111 ,
1111111111, 317, 5. 111111 1111111 11191111 flumen 11111. ncrastino
71191111 1111111111, 31 , 11. ltili 11111 scripu 1 111111 to-

Nicephorur 01191111 111111111111 1111111111111111111, 1111.Ι
auditor 11 1111111111111, 55, 7. 11111111111111 9111911111111
Acindyoieoorum 111111 11111 potest (11111111111, 11111- ,
111,168,13.1111111111111, 171, Niphon 111911111111 1911111111 ³
15. 111111111 11 11111111111 115,11.116,8,119,14
Christi (11111111, 171, 4. Cro·- Νομάδες 1, 341, r.

1111111111 111111111111 1111- Nomine epistolio 1111111111.
1111111τί111.1111111111111111- 359, 11111111 1 1111111111- ’
1111111, 173, 19. Andronicum 1111111111111111111111·
iuniorem mortuom 1111111111· . 1111111111111111111111111·

7 ,itio 1111 1119111111111111111111 111111111,169,13.

111, 178, 11. 11 Barlaami 111111- 111111111111111111111,171,15. ,

9111111111111111,181,9(1111- 1111111111111111 1111311 *

1111111111 imperatorem 1111111 11111111111111118911111911111.

ffl, 1 ἓῤ, 6. 7111911111 1111111 Novom 0111111111 11119111 111111

,1 ,1. , 11.
Nicephorii! 1119111191111111161· 1111111111 docio erotcrorro F·

11111111 1111111 1, 63, 5.- 1111 111, 11914.

11111911111 11111111111 1119111 1111111111413, 15. t

11911111111,554,14 111111111111 1111111111 orm.
Nicephorii·reba-toocrocrtorrhret 11911111, 11111 1, 1131111

01111111111 potrum 111, 141, 56411.

13, = 1111111111 11111111111111 ⁸⁶⁸ ι
Nicephorion Tarentino· ’1111111111 1111111711, roo, 19.

1111111111 111111111111, 13111.

111111111111 136111.
1111111111111111111111,519,15. 5118. 011111 11111 l, 113, 9

Α11111111191111111111,515, 5. 01171111 oppidum 1, 317111·
111111111 6111111111 1191111115 4, 0111111111111 11, 4351 ,

8. monachicorum 1111911111 11, 0111111111111111111111111111111

’ 117, 15.111111911111111111,175, 111, ro, 11.

5. tide 0111111111. Oculis 1111 1111111 1, 7111- ⁰*
1111111111 1111111111111 11, 99, 4. 111 omnin 11111111, 111. 111
Nicotaus Pirrnur Venetae 1111111 15119 1111111111111111111,1
· 1111111, 194, 6. 198, 9. 11111111 1, 418, 3. 111111 1111111111 1,

, 7191917911ιὲ1121111111117711197179- 113111111111111119111111511
11 ,11,1.111111111 1.

1111911111 111, 113, rs. 1111 11· 0111111111 1111111111 ffllylffl
1111111111Ι 11 crudeliter 111, 117, 479, 11. 493, at.

 

