1111111111 11 1111111111. 591

11111111 111111111111111 71111· 111111171111111811111111111 111,

11.. 1... 11111 111111

1111111611414 1111, 331, 9. ι11111113113111112111,131112881111111811111

11111111 (1111111 11119111 11111171· capit 11 1111111111111 oppu-
111111, 118, 19 111 principem 9111111111. 111111111111111111111
Τ111111111111119111111, 119,11. 1111111911 111, 361, 11.

11111111 musaei 01111111111 fl· 11111111 11111111911 1119111111·
lius 1119111 designatus 111, 318 1111111111 1, 131, 11. 11117911·
2, nebullus 1, 119, 5. 111111 prinl-

11111111 111111111111 1, 71, 17. 1111111119111. ι

111111111111.. ...1. “ἒῖἵ“11“1ἵ.ΐὲἒ.ἒ“ἵ’11ἶῗέιῗ,’11
11111 11, 19, 17. imperatum 11111111 111, lo, 11.

11111111 1111111111οὰ1111111111111· 11111111 9111111111111 11111111-

71111 1191111111ιά papan 1. 1711111111 11111111 111, 91, 17.

117, 1. e 911111 1111111111, 118, 7.

11111111 lai-coloso· Andronici 1111 111 pulsus lll, 119, 11.
11111111 11711111111 filim 1. 17111111111111111111. 111111-
561, 1. 11111111 (luunt 111111 1111111111 9111111111 111, 179, 17.
111111, 11111111 palm ll, 11, 11111111 lmpmttloo 1111111-
11. 1111 matio 1111111111, 64, 11111111, 181, 16. 1711111111 1111.
8. 1111111111 1111 1111111111 111111 111, 183,11.
Α7111111111,ι111,13. 11111111- 11111111 11111111 Latinus 111, 31,
do 1111 1111111111111,ι1. 11111111111111111111111119111·
ob 1111111111 1111ι111111111 7111111- lectu· lll, 111, 11.

1111 111 111111 attingebat 11, 1111111111111 1191111111,119.’16.
189,1. 1 1111111 1111111111 11111111·11111111111,111,1.11,77,·
coronam-ll, 111, 8. eiu· mter 11 171 13.

Anna 117111111111,173, 17. loma 11111111 lag-lull, 111,
ἵυῗῖιεαιῖῗιᾘὴᾘέιᾚῗ 11111111 91111711 lom! omn,
7111111111111111111111111111111, 1111111 1 1111111, 11,1.Τ111-
411,11,1171111111,431, 11. 1111111111111111 1111111111
11711111111111 117111 11611. 15. 111 1, 414. 1 putrium Con·
omniun 9111111111 domicilium thnllnnpdltm 11111111111,
1119111111111711111111111Ή1- 1351 11. 111, 9. monacho· ,11
11111 111111111111111ῢ11111μ11. 1111111111 11111 illd. 17111111
,1. 111117111117111111111111111 9111111111,111,9.11111 1111111
manum 1171111111 11131, 1. 11- 1 11111111, 161, 15. 1111111111

11111111111111111111111111111 Pnlnwmlaeomt 11, 111, 3.

111,31,19ι1111·11111κ111111111 11111111 u 1111111111 1191-
11111111111 1111, 111, 17. 1111 111· 1111111,171, 11.
1111111111 1111111111 111, 13, 11111111 1111111111 11711111 1,
ς. 17111111·111171111711 1111111 affl,
1111171111 1171, 13. 1111111111 lum 81111111,1191111111,74,14.
11111111 0111111111111 111111 lenm 17111111 1, 181, 9.
vltrlllelezzlltzll 112111111111111·
vm . . · - .
111111111111111111111111111 1111111111 1, 1911. immol,
filli 1111111111,111,18. el 11111111.111111111,111,1.·
mamuchan 1111111111 111, 11111119111111111 111111111111711.
11414. &mamm-2⁴⁸, 11. 11111111 111, 119, 8.

 

